0.5304311259747176
0.7790061657699974
0.04467057634868962
-0.39840705156103745
0.07242758015942892
-0.13736762951067472
1.808256771584766
0.8473878678888641
-0.38760870261239766
-0.3513718708885536
1.2878552546245987
0.32092561782219975
0.2513295384100369
0.7070569613318402
-1.2068235050688454
-0.6935706216631341
0.3151285233628588
-0.3690269612251974
0.20647946468124817
0.7875148123090594
-1.0401440042683843
-0.7600870875203045
-0.9633248062936115
0.2836587555663558
0.23288764852942334
0.5849609468630017
-0.17646045744289277
0.6130236793948446
-0.3587882828858576
-0.03839681833823342
-0.9446430047157749
-0.8852468851962614
0.8609987607375689
0.4328648345596264
0.3109935274284747
-0.27422708345534397
0.4071355347724396
-0.22995108348682503
-0.14179151295808717
-0.49575999231255097
-0.35058200427179753
-0.8457360694175504
0.6499740762513642
0.15649411651421152
-0.16129572611830945
-0.3593234887253003
0.7807209272456539
0.6874389424536507
0.23593274241763348
1.3708050796195983
0.5309551364921072
-0.5216207146342983
-0.3882614445140866
-0.3309919921281662
-0.43496322142540933
-0.7610009652113792
0.720817374580272
-0.32847469634829407
-0.006679896036935232
-0.7341935669314229
0.7998063542659422
-0.012549223880731418
0.03842325254407177
0.17554506292005806
-0.8550679450162016
-0.032147425925347584
0.20432097309451297
-0.45886523949999647
-0.9283311542978483
0.35016716216561383
-0.9261083777913726
-0.7460271882218932
-0.3494008275556165
1.436396691580162
-0.07567907755155123
-0.8054352829280089
0.5732418686100053
-0.38938922077444843
0.04816838626142129
-0.1758322835146835
0.692803075654148
-0.16710670214930234
-0.3294558777121195
0.39417516323761626
-0.5874045159470471
0.9862163939533091
0.9392704262450846
-0.4837156833680236
0.13205002774620905
0.4834877875494158
-0.06337152548073839
-1.062510444528973
-0.8612030095626947
0.7907588157171641
-0.4633415951614165
-0.06531576598552412
1.38530722571209
0.2766314091812122
-0.2420317976306413
0.5924146532101582
0.2303767173887627
